# 88
# graph = [[0, 31483, 37478, 35532, 44441, 42105, 33301, 44181, 33651],
#          [31483, 0, 18265, 8189, 7731, 9320, 2284, 11953, 2871],
#          [37478, 18265, 0, 27866, 10314, 9853, 19944, 13501, 16299],
#          [35532, 8189, 27866, 0, 15293, 12379, 9409, 15890, 10616],
#          [44441, 7731, 10314, 15293, 0, 2558, 8335, 6206, 4614],
#          [42105, 9320, 9853, 12379, 2558, 0, 10093, 3650, 6448],
#          [33301, 2284, 19944, 9409, 8335, 10093, 0, 12669, 4199],
#          [44181, 11953, 13501, 15890, 6206, 3650, 12669, 0, 8846],
#          [33651, 2871, 16299, 10616, 4614, 6448, 4199, 8846, 0]]

graph = [
    [0, 43119, 35532, 32964, 36742, 38350, 31577, 32613, 32239, 37817, 34155],
    [43119, 0, 9934, 5768, 2211, 10407, 7032, 7518, 9642, 9202, 6810],
    [35532, 9934, 0, 9929, 13707, 28497, 8542, 8805, 5595, 27964, 5866],
    [32964, 5768, 9929, 0, 5138, 16607, 2394, 2858, 6579, 16074, 9050],
    [36742, 2211, 13707, 5138, 0, 12490, 7226, 7712, 8717, 11285, 5885],
    [38350, 10407, 28497, 16607, 12490, 0, 17343, 17825, 19949, 744, 17117],
    [31577, 7032, 8542, 2394, 7226, 17343, 0, 536, 4764, 17283, 7235],
    [32613, 7518, 8805, 2858, 7712, 17825, 536, 0, 5019, 17538, 7490],
    [32239, 9642, 5595, 6579, 8717, 19949, 4764, 5019, 0, 19918, 5648],
    [37817, 9202, 27964, 16074, 11285, 744, 17283, 17538, 19918, 0, 16584],
    [34155, 6810, 5866, 9050, 5885, 17117, 7235, 7490, 5648, 16584, 0]
]
# 111
graph = [[
    0, 43119, 35532, 32964, 36742, 38350, 31577, 38181, 33905, 32616, 32239,
    37817, 34155
], [
    43119, 0, 9934, 5768, 2211, 10407, 7032, 9668, 4731, 7521, 9642, 9202, 6810
],
         [
             35532, 9934, 0, 9475, 10405, 20490, 8088, 27874, 10416, 8354,
             5141, 27510, 4792
         ],
         [
             32964, 5768, 9475, 0, 5138, 16607, 2394, 16438, 2087, 2861, 6579,
             16074, 9050
         ],
         [
             36742, 2211, 10405, 5138, 0, 12490, 7226, 11751, 4925, 7715, 8717,
             11285, 5885
         ],
         [
             38350, 10407, 20490, 16607, 12490, 0, 17343, 377, 15038, 17828,
             19949, 744, 17117
         ],
         [
             31577, 7032, 8088, 2394, 7226, 17343, 0, 17647, 3510, 539, 4764,
             17283, 7235
         ],
         [
             38181, 9668, 27874, 16438, 11751, 377, 17647, 0, 14870, 17660,
             19781, 367, 16949
         ],
         [
             33905, 4731, 10416, 2087, 4925, 15038, 3510, 14870, 0, 3637, 7355,
             14565, 9507
         ],
         [
             32616, 7521, 8354, 2861, 7715, 17828, 539, 17660, 3637, 0, 5022,
             17541, 7493
         ],
         [
             32239, 9642, 5141, 6579, 8717, 19949, 4764, 19781, 7355, 5022, 0,
             19918, 5648
         ],
         [
             37817, 9202, 27510, 16074, 11285, 744, 17283, 367, 14565, 17541,
             19918, 0, 16584
         ],
         [
             34155, 6810, 4792, 9050, 5885, 17117, 7235, 16949, 9507, 7493,
             5648, 16584, 0
         ]]
